# First 20 imaginary parts of zeta zeros (Odlyzko)
14.134725141734693790457251983562
21.022039638771554992628479593896
25.010857580145688763213790992562
30.424876125859513210311897530584
32.935061587739189690662368964074
37.586178158825671257217763480705
40.918719012147495187398126914633
43.327073280914999519496122165406
48.005150881167159727942472749427
49.773832477672302181916784678563
52.970321477714460644147296608884
56.446247697063394804367759476706
59.347044002602353079653648674992
60.831778524609809844259901824524
65.112544048081606660875054253183
67.079810529494173714478828896522
69.546401711173979252926857526554
72.067157674481907582522107969826
75.704690699083933168326916762030
77.144840068874805372682664856304
